7320.389858752579
7351.303505465511
7434.481197824922
7446.1260100625095
7367.060820474219
7427.03480679597
7383.053400273848
7484.685848284076
7512.623752719634
7498.455805381496
7465.309726646418
7517.275521111705
419.8125
2281.441798941799
33157.89415197151
31365.703754321086
137102.53486414082
116562.83488528366
75250.68676849832
75171.68837347606
1763.9645590012083
1774.2833929483904
2264.794957135653
282746.3678681049
186994.0480875851
129667.27065026361
208915.52227566353
122994.0609513559
85393.72992712219
152852.1408547453
226968.4279254758
169824.11677347793
130564.47226271771
137019.61132709382
222947.8624512375
170337.2329347686
167854.27838928817
162834.0813251246
119330.09106340919
194444.1257033787
237981.40445112353
120202.70773131758
2822.515896098686
2941.1202142432057
2917.403022915651
2929.6531658291456
2903.2639430577224
2973.7588877855014
2913.7133
2914.458671952428
3001.662468513854
3247.0866775213103
3264.6862931608484
3283.780379256966
3260.760966366651
3268.9012534685676
3228.779478615827
3384.0101222307103
3514.176146283194
3663.589516055256
3685.351175279514
3764.484708063021
3710.566838732645
3724.645000903996
3762.610757507844
3671.828910926472
3748.4820921985815
3627.4848511615583
3661.872049689441
3637.0636179399066
3686.113259908074
3643.1772619361645
3655.473534887845
3679.549319427258
3635.622111072784
3699.5963763566238
3645.0014060989542
3632.7629430237776
9632.151895508123
58617.61772515249
18234.86319612591
43599.72614613666
2362421.7995399497
2570533.5067815003
2517675.670523711
2591517.5181980496
1176257.2357672881
4681.870021170794
4582.25641025641
4713.307696071236
3503.4348264666014
230632.71204217232
156796.67177170035
2891.842102710829
786992.8785981103
1316839.0543584898
420764.2393975754
3836.643341017911
3547.764705882353
90260.70023520506
2653.606991319242
1634763.9155235048
1808766.417963225
2069257.0301439457
4907.398721130789
4953.115461152449
3679.4283874150406
223585.85581208995
51415.88247763042
3627.5785961581414
401355.57725829544
6328.8055941069715
7408.295495495496
8768.21052631579
365.0
418.625
15548.6
2360.645544739798
1416.3571493583327
1536.74723878113
1739.7153578129187
1609.3270560697947
2089.0262878602334
2085.598030058589
16204.960851387305
31458.23286025381
66658.00421081601
2299.926629590944
48740.87935991526
4783.693419933504
2368.188869755792
2379.1239702154626
2395.048009650181
2415.922139745038
2380.006634547034
2395.5737394460666
2523.136703226832
2478.4207246711285
4509.343827070941
68456.74849615473
58683.294010198646
85261.7996267264
21574.034186712044
2509.0075604053
2495.4568151673557
2466.7669803921567
2580.413658078158
2586.1907572815535
2609.024996118615
2607.734761904762
2545.298013245033
2619.9333746034204
2699.8009098619787
2689.1028769392983
2683.060548507179
2708.6121928604543
2683.2554784371832
2691.401379310345
2666.2795630837422
2703.9802786038504
2717.9233382228053
2705.5765682656825
2692.464448150394
2663.9064061790095
2700.9996914532553
2790.074076842577
2774.1220414771415
2849.9931740614334
2885.789445709947
2928.832644944164
2969.043327171904
3015.4530149984694
2944.8044671730468
3007.3783902012246
3050.373636970551
3102.0547741311307
3092.2673941702064
3021.5467210077804
3101.385497040977
3060.989015012816
3065.9206901658767
3096.800599475459
3059.9003851672833
3092.3772351615326
3055.5701552402884
240252.3958090281
216425.14707144865
152290.46169631896
117631.10820086705
265175.1332495645
67987.95133712205
139621.87973621505
216367.80436273557
151352.23114811094
115928.29309264134
211209.23946263644
23556.25993883792
123768.4069155728
227975.12207874708
177842.2773168331
141341.62470590172
147001.0973825905
64050.87811961605
125423.3542738152
147910.04285196812
160365.54467382524
137854.24092698895
145143.91226355737
126676.46790016716
201856.1154207649
195494.80299404872
115098.88953746449
161695.20263490558
293638.68221850094
276494.65767338255
313049.17208239
338157.7978285368
194334.98079268294
3604.285017921147
4149.73294193456
4280.959316165332
3653.540703517588
3684.724758343329
3813.305777654175
245065.97645186953
206863.81231233117
136832.77934382955
265879.85187625367
118659.03168277908
81991.09920805147
184555.7221813671
198075.06674597863
143787.38305660643
204081.82316099718
77045.13010880849
138529.88786166752
234425.5642659737
154315.7356636113
162449.3981493498
117786.90649952537
11779.559080689483
431.14285714285717
365.0
365.0
416.2083333333333
7374.532552292302
75565.52453235562
67211.47102029914
93509.0795832075
24172.392715896345
1680.232877904447
1931.0329864835871
1453.5510249653878
1528.512736109577
1650.526153540175
2239.156301273537
3308.474694589878
3418.4237009427757
3654.8721171712755
5936.140226728629
4871.007755418588
229687.63395039068
329335.43489267485
589076.0879053762
484592.11703760084
781385.9221103471
903176.0905202962
657231.1705684408
675083.1752550955
17847.51858220137
51117.081853822456
480475.60816865996
108435.0979537068
446365.1991087344
622947.8404649596
40069.69700137551
6060.269924139721
6130.910797180354
6193.696834733893
6184.614473425058
5496.869306178642
4886.381888003902
4914.162972358116
4900.538772677704
4932.475914068577
4923.960322824315
4953.321314658161
4938.032990838086
4933.442045206918
4950.972093937309
5004.294370314396
5011.169478661918
5020.603046261673
4802.002464295715
4937.294234592446
37082.63784363247
18818.20775454676
346705.720078334
2223916.07620941
2216872.6154098245
2226172.8653244623
2229358.9785002256
671377.3740790957
5665.722178096838
5698.053289332966
6178.722018625164
5093.726430250003
512409.403887689
3821.3561452640547
687432.7017110601
1613405.8350146057
532439.8837194525
5566.7151385156085
74986.38749944224
145131.9893382329
330628.4057637395
1594188.4667415642
1698382.8425822794
146018.7942789638
6087.171879234646
7582.391352017246
253078.27486877827
39797.53819910061
246042.20976835056
8436.280278819879
7086.209493815648
8102.741061514545
8092.338571428571
8088.90989165329
8034.81825151827
8112.151036624718
8046.877446601154
8111.1428140400285
8090.013432956056
8138.662155398507
8153.212375385355
8189.365082850868
49651.61206936892
48123.51886734943
234330.00320012367
25418.803976925894
33146.36195462068
8257.187597419254
8311.676936050046
8305.003807673627
8299.692846491916
8268.843861880074
8305.839860714426
8309.227680150962
8281.821638227928
8258.131044563843
8309.08447062483
8337.12289897681
8324.643623805507
8301.93022985387
8323.707864730533
8332.049725382503
8278.032583941605
8329.16983412276
8331.157864391143
8386.02888409431
8399.497626612563
8538.933750023532
8726.35667270643
8750.619073971591
8739.565068872558
8714.891955645537
8758.334148329259
8769.487422543523
8721.868899062247
8763.883572655193
8696.49838264675
431.4347826086956
2734.5778936392076
1983.0062296054584
1991.2291079177994
2001.2218961887236
2176.102234080532
2357.9499595245197
3983.78121487156
6911.13482012776
3085.6559002523377
3157.909657413757
3089.7239412221493
3108.6189885749714
17274.808053800032
3206.5221456837166
3141.020939011443
3199.5091607565014
3489.336322869955
1126.3013510660755
1133.9895315921594
1123.696707011231
1128.479605367846
1131.622624121645
700.5
700.5
700.5
700.5
540.0
2189.1115528531336
1010.1236880713237
774.0494850936295
1007.9539196340479
835.2282369216581
8307.102343958884
8411.514409604437
914.798623183367
1032.6820010314595
1029.2470569603547
1028.4513686364799
1035.364496672213
972.8896103896104
578.0833333333334
463.4
578.0833333333334
463.4
700.5
700.5
700.5
700.5
430.625
700.5
365.0
365.0
365.0
365.0
421.025
700.5
1709.2685037803421
14844.624481704337
852.3188909717603
979.0519748072282
1148.5732577741114
1161.5087438841254
1315.9616638718092
1306.7358435634917
1242.5124340235486
1285.7052868391452
2325.5271238485157
2469.8495337442705
2486.4627700917144
2446.396007428041
2439.914666253678
2464.365507562763
2502.473031618103
2455.1051724137933
2448.7666872682325
2411.3586325858555
23748.830290981383
3505.401092412164
154729.58714442234
183018.04664266124
157085.64893555644
352822.66836328286
299249.1405072159
2958.837837837838
99770.39512950451
315384.36256149557
321933.15918954875
3571.4122868817813
3934.1921296296296
3917.849142699115
3874.4909139857314
3928.457455654102
3920.803395399781
3823.1995397319615
3962.0061796209834
4236.814054480853
112035.79648743133
173240.00577981313
75189.73076064305
40442.551116248826
4488.809136420526
4700.03456250803
4563.046576737083
4598.953538422586
4615.024140087555
4571.133721666456
191937.2416395687
211258.6350621068
48021.82503654689
142448.93525605786
16562.805197845937
5060.990020440063
5233.147985260905
5289.176313342631
5224.302067515478
5262.660989075532
5201.177383331375
5620.057476425684
5619.258944153577
38373.79060703498
162360.84278328082
161610.03771796817
11802.051585623678
70674.1460759254
5861.204696886947
6050.451007277713
6091.737508042033
6154.231386392811
6071.719915700738
6226.631144941326
6206.575120675784
6324.005714285714
6235.342972219353
6482.370105346849
83738.08496130517
117023.0648982618
213384.4698027446
11776.360553633218
105846.18642137322
117894.82325588487
6587.437186916806
8814.68249516441
7213.003428851335
416.2083333333333
2277.142144638404
878.2062207838907
50101.36801158343
125795.62772726752
132749.19345441466
91930.6925900035
227959.7265117119
122358.33520809899
80603.52244624995
125851.70475084189
202479.27684374116
122238.56518883942
203382.32372945212
62334.56493990001
87862.06687982946
124546.07191351513
186002.0291990638
134592.81721777935
165071.5485311326
163908.61806290963
5367.871318008548
167980.38487624942
173704.99675641916
179228.3812994623
130215.99989331512
127717.18369190661
135245.7048884884
119061.86235356348
192050.623800019
348070.3990425897
320171.85204430466
315901.4314951342
2967.9855662903037
4435.262532360555
3376.9286025724873
3458.8655452698126
3426.712104689204
3479.5052094879184
3480.195169926784
3463.1039582427143
3503.889938130902
3699.438723404255
3832.8899760591235
3890.967143006154
3855.1368355481727
3887.386452087935
3929.8612440191387
3838.5049868766405
3900.5365594821183
4096.332482124617
4080.0289041380743
4091.0459089981637
4087.296386768448
4049.1167497203296
4134.887013119089
4051.914291551742
4113.549054250676
4110.798069022186
4064.901328465673
4087.003979591837
51262.21835993048
172027.39578204657
193086.9720371669
126286.01816732298
102148.96899876567
246203.50351505505
92752.42894763703
71367.04162249186
120007.39023923445
160541.20109552378
173890.3555699037
103885.45015604616
199707.70594385033
12683.617142857143
4970.352113996438
5076.292639806457
5029.033874709977
5093.437394405857
5100.366871051654
151930.34814694233
186393.0877429079
143346.4852610166
116285.69403613443
136379.9846171741
254135.5272397643
65747.48247923148
108160.43980860888
140632.7524904879
192433.75139472584
103873.62657868149
170097.3997163341
104843.4425373668
14225.011733800351
108324.16848938886
161798.1668437429
184247.00041980995
112265.42241481657
146080.54227207473
145547.92943944765
13340.128707718994
139810.20372608837
150959.71016675237
159842.90768093683
154825.51680747798
111803.06386512748
5614.206086005831
5848.173040239803
114231.1733275255
126911.01709707684
112684.63648934127
115431.88778785254
107727.15878962794
177353.01200207442
268318.00589441723
294910.24955132336
6053.818910970502
6346.54028436019
6313.766037107913
15816.377646955452
258064.07074939867
316075.39865790575
98446.20126282558
7409.503698163384
6355.9264423478335
6516.921801514548
6493.1986814260135
6480.538436873748
6475.75085102934
6493.450268161872
6464.981348875936
6504.150204824761
365.0
418.625
700.5
55083.0
1242.5501004458818
88862.99817230059
127840.24049455934
116881.34234070966
85716.2690785459
118595.19700576444
170098.22538587102
63316.52385310723
123826.56022457204
160710.90061412816
175218.97330124417
104207.04046398221
191881.22094905967
46563.854186443896
72739.04689155775
109523.17423498757
181346.2122440028
165475.36789918848
127374.17420972744
151159.9377206067
124983.578552853
16294.233764950084
155955.21213751798
155545.59024586758
157146.36300801352
165229.40172011164
119974.73795894368
116234.97910949809
126118.0538540127
53678.79753210778
2876.1401293190543
2987.0026199113263
3150.153806847215
2938.3333666933545
108914.2599559223
3165.164034741413
30137.703511705684
177949.52159338945
175283.9488604703
122993.02727136077
105299.75595104623
415912.7880241857
67649.84831652444
111467.61605590477
149590.4054624053
183047.3178028766
101817.81076205954
161579.7645815643
137202.63115447154
35627.28969491526
109675.44551869154
176975.808749056
173234.7993465254
122543.78955843412
148507.07045808574
120866.42182154674
8440.29656798533
149776.3679147308
151688.99201130052
159311.81418966153
160325.55024081463
123867.24092157462
117260.06800275506
120738.8126284954
179455.17118523346
189557.30101948816
67273.8700172863
111647.06703706077
185397.4311281649
300223.5271036765
276662.5249151309
329669.235090327
93210.08160823262
107339.86218146548
183590.98610846812
153040.9281922202
105984.11335950463
201171.96056201853
109731.66795858159
76378.5553182559
118810.26172741374
180151.30053286694
137223.9018624316
102110.96706113762
238781.40932413607
5053.296097019387
98397.02466556717
138480.8902618776
183471.67416055678
117436.53581828771
7295.447955856534
5283.840313919868
5344.2232016632015
5336.08904616904
5369.582103092784
5339.755001667222
5295.157264676944
5392.077309066168
5360.733649131555
5335.40192687747
5371.529209621993
5347.164924885696
5328.7475235366355
5340.180386011218
5390.811987067894
5300.889279294002
5409.394481478356
5498.304302203568
5415.069045896632
5475.769389609317
5394.059798505037
5566.161280200816
5498.5111656636045
5627.747634815516
148933.5596087372
203232.51437174025
125189.85109766638
98341.90779728717
310159.2955460901
63815.28948355298
82932.04768814084
127090.92242849775
195241.78271456616
103231.41532113103
157489.131593392
121355.64878861837
28852.931685393258
107923.63026126722
177698.82056097584
151593.28922066538
129325.20830798865
145829.79502537227
98112.10233731174
84610.05482446552
154138.99812337133
157375.53545178744
153356.41177126544
121156.38964791255
124469.07351097812
123423.0602363475
135793.66608327863
191897.15880861104
138013.1460925909
93583.31731740244
153887.14030171803
226913.605326152
299607.7786439584
307485.1486982438
254904.28913239946
6167.499621039867
162490.49176142103
184484.6075214538
116848.00582249858
96993.70796308278
313593.1067856106
85353.18024092053
72540.69592829527
116750.70933792305
169455.7603067299
147910.34338656726
101031.9816248612
218828.1255735118
6500.216587817859
100252.04021779215
137509.90539872856
185696.75218569403
124928.37222628013
21589.760290305858
987.4916424026744
962.4229673460443
967.8600774360077
960.5482859305721
915.064845064845
1029.603317535545
1208.0342355936998
1187.1324578932345
1198.098238933841
1199.623660030628
1195.406213592233
1195.6835287443268
1187.8366941209883
1188.4933371406814
1215.856050955414
1187.1650374869507
1183.6148719413502
1189.553679245283
1213.9740223463687
1193.5397281255982
1197.4471699914097
1195.3780207134637
1196.9192197906755
1195.2555534638554
1188.1678832116788
1316.0681332962035
1350.8479687945962
1338.6256400531006
1331.9657309172849
1339.3728258836732
171346.17430244575
186063.65225075072
115703.5529122795
112382.96426640905
409975.16051894217
68111.02841793148
117585.38396150254
159178.32341352664
169523.60443370865
104598.32354836175
215383.06876362013
1564.47007564876
96519.40014890449
137097.67465461645
183843.57195929234
120091.77136681919
150515.8295183442
146899.02688203737
10842.68362850972
131986.2481179941
154273.74311907135
163952.72851350522
159399.1494953395
111939.45911746276
121914.76060978073
124575.57943472409
186957.48358604446
186159.39652934673
56870.9648904006
102655.97676637415
164428.40516318358
250031.2421050826
298877.5467251526
319645.16649840045
248709.3685082873
2807.7174305304943
176287.0513329307
173666.98226985591
122574.87205765946
107145.17368697785
372710.9402134976
67537.77469013745
118212.93127645356
159157.5054542486
165727.61736042713
102295.79218140709
206671.64159217407
2674.046416796807
85829.44763744668
124427.05539778981
180891.58369818615
126213.60546273184
46680.128889222906
2847.7346672466288
2821.1458242808726
2872.7882035197767
2907.9806124147112
2956.0036648768432
2965.0525472334684
2977.768384879725
2919.166048619695
3009.197750865052
2967.9780479272345
2980.8053913043477
2955.518371484078
3008.4778132765355
2957.236024290052
2956.8459412780658
3022.187553795834
3146.5637246692345
3161.4963314990828
3193.659362385699
3170.264306538942
3168.820410537688
3179.0098255124512
3181.8787073190992
3211.1265265431584
3160.9517528931246
3185.704413472706
3177.387224373001
3181.5872237913277
98645.33780459504
171471.68367111398
159991.74487859017
106478.34395991432
285465.79652313783
105800.41044358001
78265.94885077425
134079.1433553958
187612.0039584726
115076.92434843449
207562.1536022352
3574.7280409523037
100673.17600345863
151327.16067300065
180514.71100274991
128224.12708733405
159143.99551221196
60132.411870503594
141689.81314561644
165798.83773348178
173577.9281004437
135390.16601283418
126009.4127991479
134908.5093507019
195192.21338423275
183844.24604064217
88303.45617095992
154754.02427381402
272273.14799098653
294683.3591749368
343236.34152050404
33765.215563572114
52558.76619023526
169130.79168277283
163808.36080006012
117218.33494477575
234252.00496995874
155959.6973577806
76757.49632861832
130469.65035763822
190796.63921531662
114996.30158049588
198165.4627911972
5109.924587273602
56538.69616562181
131414.6415598748
187660.7893902115
116091.98910610726
5989.198151451273
4416.322822940302
4459.571472772277
4518.908289947937
4390.87504808802
4460.997418850215
4448.92806211377
4554.732041224427
4528.798212718423
4595.644815631894
4510.406971153846
4512.839153768376
4548.50473970474
4562.051354444869
104820.93637169569
176660.1907377171
152546.973308402
98805.39210243938
427071.3655112652
61093.781737780366
83692.45871012917
140844.83340756476
180690.75414777955
113164.49486706225
205672.20748595567
4809.194074876237
99909.61512832057
145826.5055172795
186216.07237499734
116330.8837388603
158033.8822727841
131397.80865430992
12876.889133465405
166209.8829533999
172136.41522084555
132418.37185676926
116475.26145303101
120339.88959421052
135271.7596210657
204707.4717733453
143269.95379185575
98204.36703649019
165079.5762669679
299185.3444542695
293076.5444467495
324610.35041507415
5340.630148088116
119794.64474844102
178185.84863523574
147777.23171809834
101461.89819122733
481637.5543996418
62535.94930273271
92896.87365998601
147164.32990877537
168992.2002656563
112066.89300199859
224258.382626593
5729.031729323308
105265.10514731088
155054.88794298985
173913.58531498603
93294.90721683874
5745.082532107516
5855.7510744985675
5834.6174473149895
5871.252842714881
5878.4780884808015
5916.439494493081
5863.345609065156
5848.046148384807
5903.329072135984
5795.85279045279
5998.1405456392395
5850.181523272215
6012.053721282157
5976.467448275862
6020.08310114238
6024.053974690624
5949.472712462666
5983.235537475005
6094.821699491962
6088.605061349694
6025.068930181719
6004.436320754717
6091.15545196595
6077.132323852397
6016.313059274709
6030.717029797054
6137.203658451442
6096.069543557291
6155.496393177375
6132.48906805138
6070.300217548948
6107.918819938963
6120.073563374542
6126.350393436008
6126.806096752816
6126.741645416722
6240.976468261815
6094.754668120485
6242.315432181745
6132.060969820278
6157.674097664543
6195.423868312757
6179.502518891688
6150.168728755948
6145.179049776771
6217.963902763903
6158.620507049712
6150.089357495882
6103.1254760341435
6140.813365282215
6260.555288461538
6233.462274106319
6310.755098013419
6213.715918045706
6273.175205524499
6413.56435580068
6309.182752750131
6291.556164732883
6335.252259760241
6345.1157128680115
6302.300626838941
3175.611120236531
1322.8750450775333
1324.6264674493063
1332.0349803635036
1334.1588767950243
1320.80557270082
1341.5898902315284
1328.4559950115802
1317.784044625465
1323.371757925072
1315.3071050031438
1346.325743200506
1335.817191719172
1333.3668564199872
1249.3576261025948
1316.7528803795324
1343.1438848920864
1338.395874751491
1342.0411328388402
1347.439825125794
1322.124371548669
1356.059049406946
1352.993098804915
1334.8960032962505
1409.4058645756759
1423.1865168539325
1507.0823230668414
1622.845770344162
1631.3615193126154
1613.1310057916633
1641.2118760618073
1595.7627881275655
1633.3731390064254
1629.8477224140765
1627.379677444983
1628.5376026796396
166682.39932391007
171805.7109317237
130804.97862637872
171754.52547730287
239775.19286018756
71899.88664003258
120669.93946241934
190847.64467353953
113949.41534248224
179215.53194365784
90588.1153081511
43076.67880978865
128485.56251197364
188312.53497690283
118997.11237581343
159023.51758937084
135701.78769876325
9785.108667028115
166750.6403867889
172339.05410249913
150077.35016910936
124238.70589897895
128406.10743498654
163181.22254471743
204506.00764628797
63780.526732495106
132187.98777778723
200851.9355954182
327024.59200088144
324014.3502305684
241761.88807089676
30303.186395324272
173155.66296968475
150930.7652422345
105900.74592814154
525853.4653220951
59716.99840586888
76712.09567221737
126631.25124492418
190532.28910281858
114319.73981168377
200707.3448835511
2384.4065934065934
78409.55731156043
130450.47621715166
188979.90815867056
108629.27060826379
2401.3506262563787
116458.78508676396
185249.48004346676
145015.56510394387
103011.52584272528
507065.4658118519
62380.243517208866
98588.2105947218
154300.05540472773
165138.30113359843
114454.26959769533
234838.28400366497
2680.8127311960543
116683.98281671578
168834.5435736137
155651.48150924844
136677.0692373013
156521.2486205941
40736.129775813075
146969.23045501552
164805.02239934786
171088.3440424731
127636.18705137227
125850.13110749186
133807.4683584114
184511.8393111117
193197.70975033392
72661.0871428787
146999.51884824745
220265.06303314585
315167.78018583154
325575.8153288594
240006.269685248
22437.155708590068
173527.08375475404
161911.83888657895
119878.10318011991
200920.38027660234
189589.27122562946
74067.63640689375
119851.78803506422
194044.43174146584
110073.849044586
141263.47438254335
191073.16266052026
23039.874840956272
125617.73479381198
186624.00209223683
115682.43966085959
3658.6976480375106
3750.452254440565
3790.8871442590776
3680.969333936106
3842.0434113300494
3920.4750887049086
3939.5424596805015
3909.7941917321086
3873.122990105133
3888.675216789332
3950.1704416332095
3867.4229390681003
3909.692736168611
3938.3701308581863
3902.5296831278833
3962.9900679960274
3944.056706077265
3897.6132192732325
4059.7666172106824
4040.8451965396875
4028.9262088457717
3983.2202883775126
4029.3846957820083
4118.598767201835
4085.809219600726
4121.166158423206
4130.4742924877755
4133.164402071917
4021.0425454280085
4183.325836046168
4082.073894491854
408.0
365.0
365.0
365.0
365.0
419.8125
365.0
700.5
700.5
7671.224422442244
6266.0891763104155
8629.182920536636
1666.6418454274865
1405.1444912954537
1400.6496353442099
1455.8431528346111
1266.661597821153
1524.1832731603827
1847.0971678446128
2108.705011875038
2191.130840065533
2062.3591206113633
3370.951242056615
6075.903190796614
6377.68
6453.691302572479
6363.696731234867
6473.414056059357
6341.885980929194
6444.676192434211
6351.70871235092
6402.962464300285
6631.168014198383
6853.992441421013
6814.278329275146
6901.228159939359
6874.002443149784
6919.686642870562
6790.9911770227145
6840.620605833957
6883.787563787564
6853.529765258216
6869.441989975868
6852.834569309754
6869.337870594816
7090.218451944241
7251.654276372397
7207.5045233124565
7651.584972589487
7568.473717442778
7948.008391821788
7880.672178839382
7807.427315446415
7941.223917022575
7879.507178479674
7901.0939024390245
7863.181859617138
7884.6901172529315
7828.2361740707165
7951.174416831834
7859.1740390482
7895.542172330097
7916.592846270928
7862.908596464723
7840.110942479891
7899.292716236722
7912.565204097233
7859.587530339806
7855.7232415902145
7935.562709284627
7878.951667176507
7870.7298350824585
8096.900058105753
8129.642847075405
8133.660591274397
8141.810305123777
8125.634718688154
8132.992489890237
8171.8838239497
8113.7768817204305
8158.723868729217
8159.622102882985
8147.918004831605
8571.190354355891
163366.21485985466
156524.343623269
155796.76908568855
168785.7961066251
131876.44824073347
148990.34567300815
170574.69422996612
183454.31321462468
186626.9558408267
172743.4454273324
190449.4486779253
175077.59540796472
174252.51144363714
197483.45202971733
173562.40083443682
179026.56419468872
144911.22701826753
8942.044884232311
9055.259194831015
9244.441981132075
9183.645584584467
9322.287215204817
9351.893414114214
9367.058305084745
9492.95025092734
9494.86498071153
9494.823497622136
9533.755258332434
9513.432865076773
9514.74870522227
9552.972630457934
9454.493843303911
9538.768319199826
9483.59826839827
9529.878703005494
9537.783824478382
9484.775628626692
9498.637416143692
9555.095832884677
9501.720483488021
9502.390427940067
9507.260259179266
9490.29461065139
9615.101275007775
9682.20761028643
9561.460723382577
9661.809449958644
9627.459604286892
9688.251678892448
9531.853846153846
700.5
418.625
3374.369150779896
1809.205237932215
1635.626217827541
1044.008266892016
1054.8008831496531
1047.2008238928938
1060.9074376484562
1055.2683204704153
1144.1824470915715
1284.0425293489861
2038.3278038601982
2719.0363206234347
2757.3341797150515
2785.1238623435725
2747.564709195888
2703.533024821203
2782.1432018166333
2757.3700605710987
2746.520642201835
2728.4662793992634
2953.7941915666015
3069.8250136388433
3140.971784687029
3130.2739189189188
3148.547273225541
3068.2314015618576
3094.7481732070364
3125.0790476190477
3114.630068027211
3109.122993197279
3136.920779759436
3077.9802867383514
3126.8895899053628
3417.233492442323
3427.526733721546
3437.4775488642367
3490.1689287126105
3444.8112298071915
3439.832443257677
3404.903310218501
3709.255538579068
3816.3047265274754
3750.27936188921
3778.7905593520627
3701.796890927625
3889.1969811320755
4059.1316821971554
4067.6747690811862
4017.73795761079
4080.7268928220255
4017.3256578947367
4102.768062698996
3998.830750605327
4123.817043222004
4031.515173854282
4042.988649120619
4033.479819534203
4216.239941298765
4266.411855364552
4367.336698337293
4322.791959918884
4282.549751831718
4382.495124851367
4319.28163361662
4293.510798234101
4300.392738095238
4334.326929918178
4316.410619469027
4340.29142241895
4314.159872761546
4368.452576112412
4622.857570868864
4537.973756275674
4583.300946226633
4598.266970907017
4629.77363928611
4929.751402485975
152455.9190069576
171598.70525771362
130857.005449188
151144.02989016267
143729.11945614067
10022.113359487921
152397.11907327586
152978.76329750015
163410.31369263594
164015.14604427066
156562.81956330567
158612.90273871383
173450.71275702896
151457.61314921975
154102.00678516028
161252.9589149362
132392.01781063277
153248.8632331744
155398.04357936842
160827.70127504555
6293.141421109687
6657.564034687357
6584.480132450331
700.5
416.2083333333333
2079.9377372817007
161333.63242781695
131584.55950505196
100267.041750863
117559.80373933485
66782.31182492342
86170.41301343634
133277.25275598196
148556.44048355095
162380.59604815967
155225.31663320947
78020.62804962095
138087.0030902519
158566.12544529262
169174.76539984831
200423.38260976208
145028.92337919588
153768.38814257568
155051.69430667942
46320.39074822081
140249.3204959461
159016.89697295552
168935.7079405824
176013.70230022084
155519.41836882304
86828.22488382748
136543.20831144575
159313.37940037236
168049.15619090357
128114.09535981125
113137.198304769
3290.0150907804764
164200.33759793983
143923.5456311145
148250.2856104747
164390.45449163247
9649.230072268363
163308.24787701317
173337.75858788227
189546.87016766757
166955.88413826175
136381.94952595938
92699.86349854227
169932.67036249881
180783.65405839583
183661.7913258765
161529.2709585659
195920.2960522177
136332.86779119427
130746.35573547323
139909.38510897334
204575.02662981744
193121.20869119605
89536.84122319496
160221.614521216
284557.6706005238
309610.36228882975
354537.3842225782
16218.248788546256
234397.6730965263
129208.64143512618
104494.42459736457
479530.8001331131
67447.5502127533
90423.52211744535
151524.36692541922
180599.0258909534
120673.11241880016
249021.15486643004
5305.83869911601
116043.06232463842
123219.79697781247
184725.68565683646
119741.18268007725
164811.52091874412
135003.06455111803
136043.9713141713
166871.3111539135
178295.05412511234
162488.6960655406
184188.10928938357
169647.46118355618
128840.07547703513
131349.3177080535
165898.0567293316
211045.19184436364
68213.37736535662
133370.94478879607
208796.94796208778
335780.0742097828
334481.67093982943
257751.68020639586
56295.887095242615
162543.94150131434
124316.64863402759
154198.7782138802
400592.799278882
68376.19476503722
125279.07538452472
190222.92345053796
124515.40455676233
182961.02763406068
99822.3921066506
12212.624545784884
123487.63106675372
180956.89595095394
127863.99151976839
163352.34777005625
126219.39936849491
144401.83788057687
167405.75858601142
176430.5632454351
115357.66230968112
161100.84376593717
188092.08210174975
122829.00426008557
126018.79548538914
138093.17548459693
212587.5763074937
124313.640453593
102738.12381607995
181041.29328332766
317459.4642671824
304521.9580365152
326544.6766972224
8181.469051376468
181225.50161409072
126416.71530048098
153197.5053323793
385040.93934828206
70560.55058129446
124077.52054688451
192859.52865098725
114772.69364603217
148265.5876344601
195807.62429220017
21201.283994126286
129956.66741853478
164918.55150317235
142306.491299639
159440.01769821363
17037.79363974002
155712.65100641517
170110.82929702505
173203.3258629651
32853.251866786144
8905.790967741936
8936.456110844145
8986.650124668222
8931.616683929567
8965.657692002223
8944.810390656465
8875.992539090405
8980.373311897107
8983.68466981132
8854.183070866142
8923.708383667552
8979.911809508538
157533.8834412581
178956.7598950802
116249.06673513998
125628.17369597434
122530.10547016951
165179.60429002348
191029.19094894434
64630.84141040525
113245.21802340524
174559.21454622337
311088.6888452147
255329.80180778712
323283.6756191881
47975.29113428944
97380.54189535309
149100.31527062267
101606.72068024433
221194.65536896003
85652.15340946273
78074.4098467029
121862.3562311745
195165.15353112487
105516.18723306895
155812.40535839146
121241.88405963303
11557.396229295473
108491.6553807477
174768.35947800768
123441.5710253682
141005.48479371806
144366.02290026844
65380.175020617615
129674.59664078162
149932.88369421393
158662.45032409648
122109.52239553245
9729.683730075136
9818.020152505447
9745.15930687535
9822.298944900353
9785.231799972373
9797.236573243132
9792.878942999447
9789.0437348143
9823.926890642002
9817.145993339223
9821.486666666666
9795.001153793946
9917.51782903292
9783.463180001356
9903.27361675739
9807.61282173824
9798.266644204852
9886.996633459292
9885.117480251165
9804.831019142626
9849.789134438306
9941.505168714648
7597.382984818104
5901.189282033665
1980.0762174558208
1788.7772189349112
1797.3263579697239
1795.7777288732395
1809.0117928048962
1806.8911695215593
1791.0054725632303
1791.2527407407408
1800.4282317979198
1802.6737044145873
1787.8866283355449
1774.5994973388526
1825.0311761229314
1782.079234167894
1791.2753250680375
1816.046807880314
1787.4347119645495
1816.6246858832224
1779.2362459546925
1784.2748159057437
2635.666714864083
173488.48135718922
183594.63531480057
119716.92315847338
128638.10833956194
113324.92480003231
122625.78653764656
184912.89959814906
193583.51046756093
53472.855634292064
103286.18418124173
168946.47961172854
149743.16909240698
316655.8046400566
253831.19067650227
330747.9425856666
270428.0776862784
1664.8391429157268
185786.6178170006
122031.6070104915
112277.63390997695
117931.3957126023
388881.164124057
65727.5863558786
91379.06116069593
122321.25625506307
197399.51290219816
123041.88799065333
103082.83901702592
244688.15627628437
2269.3887335197765
100549.77819662815
130723.11602419736
181274.42555535547
113744.09162534641
149397.10558940953
141700.12021565333
6392.315176999805
147493.93603481277
150338.5987163619
163723.8226005296
137541.4039452309
157550.8052490078
184529.4585614818
134985.44302395813
129784.47505601536
116468.04048557265
133679.77278653215
198110.8220260882
153446.8163106796
86355.90862306186
151938.5255991481
178658.02978869807
321689.3878547489
284445.3557249406
315173.06456167373
2932.787675177577
201073.3556797942
129909.3000764969
104129.11426372602
211260.73690134016
116563.75205940835
74752.79560776816
120023.42928915462
174371.72430765902
153587.77039374318
103202.43523324738
218394.8110436074
3401.0213387898275
92256.80954820203
107644.42466182543
176854.6744768049
132380.93240754274
147910.36273546272
146252.33220383734
22367.194968044656
144836.18074425077
149475.3016425168
161931.23154222805
138110.44134819534
4048.02860787172
4223.125929909474
4280.141149179158
4476.317642956764
4643.877918956044
4606.071354616049
4568.581811828427
4608.6775384087205
4625.116078363683
4583.382599760233
4559.464559550179
4672.241198694831
4623.829601452408
4635.2891228070175
4638.831165475062
4642.520916507551
4627.76202443886
4644.140005140947
4676.14532259492
4656.30370177268
4728.189539601341
4685.4022739107795
4634.428583795014
4753.458445975408
4802.841784989858
4831.461216470187
4855.467715446452
4951.109212100496
4892.733874979273
4977.022844089092
4991.074118147047
4946.869003997335
4979.356
4950.499324210171
5070.174532207319
5115.530925243044
5104.85998694517
5106.270562418726
5241.664785927647
5212.653946086391
5206.718046330795
5220.260726865194
6102.677200902935
700.5
700.5
640.0
5914.128041846714
6132.703513817682
4603.759950781083
97872.04778573323
109168.50981697887
67396.15296004276
55134.034003944056
44785.00055927231
69509.13000172887
81151.34904677806
136996.29347611012
119159.33821468467
23083.46844160668
48982.82825857446
89126.10105068453
147367.44205399157
232507.56804412097
147241.62151872684
224205.58000825794
231487.4508105874
203548.30198418692
6546.3725185185185
6873.035149128564
38581.669008203564
91846.94459496232
65158.19594273175
40407.56504451917
138265.09949456184
66634.82900991444
8007.051639689617
21355.667367955986
69685.91168927756
96695.08412309269
126635.98591398374
73045.19581656125
107072.69914929001
116600.05926634006
38556.24331550802
77277.21171138767
113181.07495652174
119827.79240537103
31790.04506615888
93958.32942176634
90921.1603577268
54566.923961710665
44009.66108919421
93470.46310440313
86847.92726358044
101406.18653494852
128655.23450509495
152686.1747856337
77812.27811097834
64012.49171769051
78681.10573787428
110773.70317916539
139653.8178493804
29049.763621232643
40143.00201760822
81281.72911147783
138247.12387329823
238946.73666111438
147261.40323552047
238920.6067700712
233987.67478088196
10408.548049476689
7539.348423056009
8407.835120925341
91745.61968861129
76125.66472077074
32957.654325481424
221441.06477543074
8411.409410127868
10026.78094480499
54065.4600449684
76107.14555141449
134820.51153786713
79849.4038993545
101245.40551231703
125917.89456799913
52798.95997645674
77685.6709653574
123057.22903681542
70366.7681304932
45734.133583342154
83515.44734797298
91836.63362202975
97193.29932303842
94170.78414473946
7797.686724645096
3795.9736455270895
1462.8767652383826
1463.5269453693427
1476.5399752475248
1436.428675048356
1267.3438392593323
1460.6269440517067
1605.3314856973177
1580.939708737864
1593.769528603233
1610.9311264822134
1575.468411465823
1585.1483807654563
1600.4831795463283
1588.299304398942
1580.486626824728
1599.439861864825
1590.3352775347525
1602.3008013737835
1572.5136952437456
1592.7474122085712
1598.1717718900818
1595.1593174846626
1577.004799846405
1581.4536784741144
1607.627514473555
1593.9582038688984
1578.7617510207958
147953.31823031642
158119.0761139345
73409.20235586599
65329.021302551475
83011.56931453678
123671.18740449329
144178.09426829845
24857.261001902345
49613.227278431375
105107.87560800307
220791.07824514885
197625.34842080786
232684.32291000782
256850.02222453908
194410.72261350093
1348.6214101802336
1928.3286991062562
54938.33965756594
89711.00515429414
88457.76640942661
34383.171920805355
307666.0833722015
7960.314691265573
12132.912931785071
80342.10749824288
107526.35291644432
121959.28392003344
78529.05210373519
156948.42419843213
2031.8514879546528
77895.95558772367
109805.39286176256
124426.05333060527
34779.537183550885
97981.8714494218
94485.57012218951
7673.385537757437
93355.2212421292
91471.09300581647
106357.7189393178
92664.27754464721
2330.8105631141348
2560.71468747165
2584.0370758673275
2610.9027726432532
2526.430196483971
2608.9163090128754
2568.3927591881516
133187.51874254557
818290.4790365745
606214.610318706
406972.0704324553
2694.260716600315
2857.016606364227
2788.349364289663
2897.8613132209407
2963.614910212226
3101.514907842429
3030.2843430785488
3121.2016393442623
19614.27383046078
380551.6072110142
388717.73010214575
389642.2944360696
386582.9146533434
381910.7153309169
385206.76659659593
378420.6849278461
376574.0787344123
384670.7858679575
244176.5488501428
3233.9971329278887
3440.508070714835
3545.665166983907
3445.234297195772
3445.7664401019542
3497.355124892334
3443.222515316542
3490.005906674542
3454.84073441503
3477.398973481608
3473.6257420631505
3536.252044417664
3453.960882230545
118713.51497699459
153863.12623296873
107875.2343239162
73357.530359112
74027.54632324318
112759.22574664502
143198.78059814818
23843.340331618543
52727.64507832593
112226.19211390182
243149.66198509713
170228.35022678267
251255.54635344193
246582.14367179354
54512.47311598835
3801.949109197852
4275.7609568280495
70076.34485733016
83566.65101826351
57966.673972640296
106904.81096443166
199783.05040277468
8046.9342427586425
27505.00629717395
73366.80056952161
133511.41056426123
82564.44448023502
119252.72025040035
97372.06693711967
59948.29479192624
77223.98787318566
125347.94228538283
68949.88057754133
73504.62098750769
95888.24510673467
53573.5239389234
88056.21439897016
92118.83903972516
105973.03265106345
134958.0798387348
157062.13797720324
77320.55499104953
66902.63871117159
79582.2906152737
143451.31919803456
116954.96962109505
31919.419804088906
73497.13403444672
138665.26598533898
243623.51484851816
168960.05133599832
247583.33909996194
219484.64693572497
4875.433075734158
5231.081714154059
4791.647702576839
91269.29651735042
86324.96851292928
43301.95820566246
442305.6158124531
8113.9440297596275
17727.804881998483
75820.56926864889
123416.93133075407
97601.58140933001
96234.5255513717
152385.6000216185
5052.285464931768
79750.79179139165
113525.2285341731
111589.0530947768
41386.014855362475
95537.69189545223
83923.60839199096
49507.01742441209
97872.12352749419
98156.84973259502
94449.69524712193
5355.725482828587
5520.534545185842
5502.821336954881
5487.360911182014
5527.575333233488
5443.9736
5449.2760370038795
5497.998384253819
5590.930913091309
5636.6132068424595
5596.428692399972
19467.145027077004
155784.70546255968
107552.53154385142
72552.75851409051
76857.96657934492
124491.89488291413
136578.31657944754
27127.163285109385
62244.198197539175
109479.3730902119
248356.2535921668
163260.73142522626
245565.33022480237
220296.09371855686
5653.201027984009
6057.228816589202
41552.21639771474
87353.8399667455
54621.79512751811
60912.465591957014
335303.1339063008
7870.801124965279
21585.421626922773
73860.73830059172
123640.67564607819
92254.0742202729
92795.84513551835
148008.55718673012
33435.064984346835
83195.2870603223
128274.02325787778
39688.817991864315
99270.58081718125
92887.70018695378
8169.7237651192645
93469.0496279487
93137.16967451369
105457.20169334878
151965.85155984503
122704.43551911227
73472.93757314072
72508.09591326928
6294.943623116645
6345.891530149878
6323.2842460932
6313.072069525895
6323.464487656875
6397.971024539027
6324.463677130045
6328.661163357715
6372.7627582235655
6374.882376799837
6392.167369530838
6439.21083906071
6343.064861158725
6443.170168648051
6446.734616661135
6467.146959807626
6513.105357617655
6483.4917555128795
6577.746569920844
6521.959214601041
6634.963793103449
6549.053297318664
6566.936177740041
1967.7241379310344
365.0
365.0
421.025
84561.33333333333
2474.610009607826
1690.8318264613347
1457.103071935287
1332.659370896129
1506.3483107820612
1945.388369255795
1828.0042414168624
1803.4444566773093
1989.056974356274
2338.7710238821137
6274.380704925441
6273.634888888889
6258.331641659312
6276.157634360243
6391.456211378649
6863.162380754873
6715.421095334686
6772.007004532345
6797.118530545971
6709.133904878547
6803.742130750606
6760.665843113033
6798.281771369722
6747.918913398693
6930.021707966414
6648.685434516524
6730.537918515531
7266.8159166976575
7518.145739130435
7583.79287226535
7599.045722202979
7605.1040763226365
7536.755485893417
7589.779204999132
7522.05615020179
7590.623934597321
7575.111966410077
7554.221544361164
7584.664972840372
7567.49399895634
7554.382681564246
7534.808166811468
7690.550270081896
7475.436392075078
7946.190958690569
8160.92057089668
8177.893024663338
8116.9853323147445
8188.428935150517
8200.52782047341
8110.753106752508
8153.682425333934
8502.888686387214
8605.123950419833
8598.385265700483
8653.391450463772
8575.032889372113
8666.653965261883
8583.462136442837
8589.866965012205
8613.65127582017
8646.252340197914
8578.14254624592
8640.255977683315
8626.564471057884
8607.049182561308
8663.644593687039
8573.977418492785
8626.14063338701
8564.806469002695
8807.520722769776
8832.541096765946
8753.24453154634
8890.051513200258
8770.768646321389
8835.694889202
8774.303270440252
8806.552307692307
8799.562086513995
8806.536767546684
8805.773475069602
8826.482776153553
8809.524441608168
8848.020818025961
9052.67469143346
8965.744488142056
8928.075886352599
8923.549728096677
9020.757120538397
9140.079884504332
365.0
365.0
416.2083333333333
7943.722727272727
4303.564155551381
1916.1731095679013
1155.8904807009235
1145.7204531625764
1145.8926908281028
1157.0857393850658
1216.359265278587
1375.3248867718257
1524.1810756591517
2096.704299764285
2107.5361469951054
2120.8331147540985
2115.263786242183
2085.2664393570385
2145.991228789245
2076.859468518075
2113.6598700243703
2101.365241334629
2099.141624198586
2099.7225241301
2126.3069007758268
2119.8395971505774
2097.6799585293884
2130.33919329664
2125.632456649797
2098.8680510665804
2108.7981162981164
2109.0493426391818
2262.62763915547
2353.0925694661255
2482.912092251797
2607.4423121387285
2585.784850119442
2601.8275808817853
2647.1604150653343
2819.234906860178
2793.545427706842
2817.172713643178
2855.9572688220665
2808.7993651731013
2833.1069579780756
2935.5795343229597
3194.3295790917623
3629.617022967496
3673.665676590454
3635.355900749192
3625.439024390244
3656.8730126096493
3597.4583134826107
3665.4201470792286
3655.772440999377
3572.5858244285137
3664.9646054840514
3625.821064240419
3672.805434557146
3612.0055320311435
3661.310245310245
3616.4626659292035
3633.927212343458
3615.653596557142
3665.928758440127
3668.981268211461
3605.7663137499135
3627.1261788394027
3656.1206396377274
3586.3156468116827
3633.2295048284363
3698.6310314146876
3589.0491826184157
3680.127824181843
3631.4073535521397
3634.8408904109588
3630.9151100041513
3626.145543081293
3631.1494182900433
3645.1560846560847
3620.428217310473
3609.5739363899215
3659.038730285486
365.0
700.5
700.5
700.5
700.5
700.5
700.5
430.625
421.025
3674.728744939271
916.8693304177848
833.3910766193167
823.9008313220703
814.0852496847076
954.3774183441685
968.3964091184184
971.5864334400919
1141.4198385236448
1310.3280344282452
1293.9240792216817
1289.28588797221
1314.9556244464127
1290.9389845474614
1293.5147030742792
1235.046025787498
1897.794014313598
1350883.9324324324
2878694.107913669
563.7777777777778
612.0
411.0
411.0
700.5
411.0
1568045.4470588234
575.7777777777778
411.0
700.5
411.0
1568045.5882352942
575.7777777777778
411.0
6662495.6
505.1038961038961
598.4545454545455
411.0
411.0
700.5
411.0
1568045.4235294117
481.6190476190476
452.35714285714283
1903967.9285714286
466.3181818181818
515.5
411.0
411.0
700.5
1374111.2886597938
575.7777777777778
1568045.4470588234
575.7777777777778
411.0
1568045.5882352942
575.7777777777778
411.0
411.0
1374111.412371134
575.7777777777778
411.0
411.0
1687108.8734177216
462.1904761904762
447.0
1388421.3958333333
553.3
452.35714285714283
411.0
411.0
1568045.5882352942
1388442.125
575.7777777777778
411.0
1568045.4470588234
481.6190476190476
700.5
634.875
438.0769230769231
65332.0
70240.1516824849
96766.67568494829
86645.61603665235
85207.41364307358
1476.7062128678672
1658.5239355304307
1899.3051425030978
1923.2040264234035
3087.809057806099
11907.20725540491
1978.6930542563143
2024.778708204017
2036.2703870280507
60210.068138531504
86468.90676223347
90628.6163261919
2511.150845169998
2231.8256891227265
2309.760975883973
2357.304746709214
2405.115416829527
2357.6920970042797
2544.0691221302804
3952.364369122662
2789.007041271612
2395.3612983628846
66141.81601394976
87235.38528795932
75082.20343258398
2108.6010289564742
3007.6883281226737
4187.531834082958
2627.8836224400998
2567.9268347338934
2569.865497737557
10040.573763152004
10237.020532835568
2845.822737008229
4096.048972489228
4039.3155490292056
2819.1425437393737
12002.123963486865
430.625
365.0
365.0
365.0
365.0
365.0
365.0
365.0
365.0
1219.5
365.0
365.0
365.0
365.0
365.0
